[[[[-0.010438622230043895, -0.9979323269914826, -0.06342007498657491, 0.0033080439705093223], [-0.9998615024531576, 0.00959459608795786, 0.013598516022826457, 0.5008113139582124], [-0.012961908734925993, 0.06355324123342021, -0.9978942701762915, -0.060372301548597254], [0.0, 0.0, 0.0, 1.0]], [[-0.6875586751047162, -0.03632578244501072, -0.725219625918938, 0.41460271073562827], [-0.0031314092930839615, -0.998590264027733, 0.052987534995138044, 0.03330071578016419], [-0.7261220713930171, 0.03870299883445136, 0.6864756480146507, 0.09952444636656357], [0.0, 0.0, 0.0, 1.0]]], [[[-0.008961748248317598, -0.9976655439724454, -0.06769896187164245, 0.0028182733709074537], [-0.9998684260250371, 0.008024937238872248, 0.014097199031256578, 0.6464087551366062], [-0.013521009819849696, 0.0678163899988527, -0.9976061946183847, -0.059843427479115904], [0.0, 0.0, 0.0, 1.0]], [[-0.6924936824719508, -0.030749517597935542, -0.7207683170783316, 0.31350517562335173], [-0.007532279185535794, -0.998728577263327, 0.04984469608534958, 0.03153966556375045], [-0.7213846162115652, 0.03994616533616177, 0.6913816163076862, -0.007850266387121965], [0.0, 0.0, 0.0, 1.0]]], [[[0.8153072932423987, -0.5766200979996318, -0.05275680210786331, 0.002662818758949026], [-0.5786681123413987, -0.8146249108547272, -0.03910844377074442, 0.6463802399431477], [-0.020426290534398903, 0.06241407852257416, -0.9978412947243572, -0.059865494315304565], [0.0, 0.0, 0.0, 1.0]], [[-0.4013627744063597, 0.5230139564457451, -0.7519071250385897, 0.299941779110818], [-0.8239569152509737, -0.5646975644299052, 0.047028316332101694, -0.04789781589522607], [-0.40000365639694946, 0.638414490820737, 0.6575895473463446, -0.023315978687881544], [0.0, 0.0, 0.0, 1.0]]], [[[-0.8970241516797143, -0.4412984087619038, -0.024563911079048845, 0.002953784838201412], [-0.4419614617851944, 0.8950674765067383, 0.05936563649581739, 0.6463138544761147], [-0.004211603018081662, 0.06410871176424487, -0.9979340336294508, -0.05999949008282422], [0.0, 0.0, 0.0, 1.0]], [[-0.33076955748461745, -0.648125834293247, -0.685947813439997, 0.3719432878657163], [0.8884903484340645, -0.45886664830224433, 0.0051283345619362875, 0.05767167682226739], [-0.3180823801799544, -0.6077617148172029, 0.7276326665437087, 0.057105059984915746], [0.0, 0.0, 0.0, 1.0]]], [[[-0.018504063963196066, -0.7074024329759976, -0.7065687492639943, 0.0032372935495781907], [-0.9997353522992329, 0.003429870389126538, 0.02274777686374513, 0.6470038183905598], [-0.013668393467225648, 0.7068026837871748, -0.7072786870896592, -0.059357288931555244], [0.0, 0.0, 0.0, 1.0]], [[-0.6853658446821367, -0.5029286718491626, -0.5266273919719515, 0.3421076429504047], [-0.005078548612430511, -0.7198729124525078, 0.6940873131394464, 0.015975601735145794], [-0.7281812049806924, 0.4783782404637381, 0.4908221589982311, -0.0343332739710048], [0.0, 0.0, 0.0, 1.0]]], [[[-0.0027504657357910467, -0.7332322601613177, 0.6799727109207854, 0.002845472758815526], [-0.9999765337069577, 0.006283090410640596, 0.0027303498511312974, 0.6457053198611876], [-0.006274310611859846, -0.6799492447481779, -0.733232335343122, -0.060626899365343226], [0.0, 0.0, 0.0, 1.0]], [[-0.6915333591046056, 0.506773295308891, -0.5147450246551869, 0.28224904063777717], [-0.013673564674840738, -0.7216592689850192, -0.6921133816919678, 0.013756602316886647], [-0.7222150973737563, -0.471581092337019, 0.5059808558390722, 0.02266467777148267], [0.0, 0.0, 0.0, 1.0]]], [[[-0.012332063454638623, -0.9994619378966334, -0.030393336553540984, 0.004097993218297791], [-0.8407591429834274, -0.006089176491371709, 0.5413750875496854, 0.64615193085309], [-0.5412688645218044, 0.03222974752558527, -0.8402316702396508, -0.06021230754793962], [0.0, 0.0, 0.0, 1.0]], [[-0.9661547910294987, -0.012223939964042576, -0.25767323311221146, 0.29676729316642564], [0.0036632151669977134, -0.9994260516729855, 0.033677115256302015, 0.03040455216058514], [-0.25793700902620564, 0.03159339375726285, 0.9656450470258281, 0.02490697506899888], [0.0, 0.0, 0.0, 1.0]]], [[[-0.003357174128429726, -0.9988910351698911, -0.04696199781839158, 0.001835885317386543], [-0.9262102644554243, 0.02081055203932836, -0.3764325529775965, 0.6464912842041449], [0.3769924076149067, 0.04223293479077231, -0.9252529944937621, -0.05980008656208931], [0.0, 0.0, 0.0, 1.0]], [[-0.36670078822199215, -0.010448989784316194, -0.9302802537568218, 0.3345830485083729], [-0.0032679176553805146, -0.9999162903431543, 0.012519305914542166, 0.03181000787689677], [-0.9303331944156175, 0.007630918612558647, 0.3666359453866483, -0.020043688788973814], [0.0, 0.0, 0.0, 1.0]]], [[[0.7446574437823862, -0.6666613964297933, -0.03237088089256192, 0.0031643597102820886], [-0.6673335562736452, -0.7445484406193338, -0.017707180534699947, 0.5072233820073454], [-0.012296995187933639, 0.03478795885930682, -0.9993190590736032, -0.060367525210451176], [0.0, 0.0, 0.0, 1.0]], [[-0.443910069891965, 0.49443533092939984, -0.7473135576029954, 0.3933280171180422], [-0.7558807924534723, -0.6545146846422305, 0.01596105220817956, -0.03640303307207322], [-0.4812359893528553, 0.571965235933458, 0.6642798291647597, 0.07890536429810306], [0.0, 0.0, 0.0, 1.0]]], [[[-0.7429141111748753, -0.6690501291956219, -0.021226116945095193, 0.0032741050943635164], [-0.6693717116236195, 0.7423112635608914, 0.0302572250660696, 0.5071620568017613], [-0.004487214649550014, 0.03668668169723873, -0.9993167427251155, -0.06044055523705681], [0.0, 0.0, 0.0, 1.0]], [[-0.48046806705501044, -0.5087015322537862, -0.7144040786719175, 0.45071476151966217], [0.7282227011695961, -0.6853383186275743, -0.0017568500179715452, 0.06319180175542652], [-0.48871477780161143, -0.5210893782292808, 0.699731181136687, 0.1433650271735377], [0.0, 0.0, 0.0, 1.0]]], [[[-0.039261876638999, -0.998736322425603, -0.031372971019117554, 0.003856882507325049], [-0.9588480663373058, 0.028821203940427136, 0.2824530472213641, 0.5070693530645017], [-0.28119191084381123, 0.041171549293251716, -0.9587679660923178, -0.060559579456594806], [0.0, 0.0, 0.0, 1.0]], [[-0.8544709851442949, -0.03024868497042943, -0.5186177326356064, 0.3978059700725798], [0.018841084449487407, -0.999451044021017, 0.027251131023605622, 0.03521484300132904], [-0.5191573452078907, 0.013513980274447418, 0.8545718362161469, 0.11068576191621118], [0.0, 0.0, 0.0, 1.0]]], [[[-0.03371402648449002, -0.9984542314943421, -0.04418723830752613, 0.0021974138904805596], [-0.9205773739257974, 0.04823658198065089, -0.3875700333806871, 0.5074380087534432], [0.3891023811724699, 0.02761122543218472, -0.9207806238165785, -0.06020099510968434], [0.0, 0.0, 0.0, 1.0]], [[-0.3412676886674044, -0.02648267536232143, -0.9395930143297476, 0.43320086856952345], [0.025158596988047847, -0.9995022629021179, 0.019033429831184757, 0.035470220091972655], [-0.9396294001728557, -0.017143347374405545, 0.3417640940350521, 0.08355517621534359], [0.0, 0.0, 0.0, 1.0]]], [[[-0.010924608787282353, -0.718077482864764, -0.6958774184620802, 0.0033929814685185467], [-0.999244377918227, 0.03379938645038755, -0.0191904839541035, 0.5078913175369048], [0.03730048420141707, 0.6951419495888459, -0.7179041327365081, -0.060032186022762044], [0.0, 0.0, 0.0, 1.0]], [[-0.6473314707912954, -0.5215211110164681, -0.5558576235757925, 0.4399146659327372], [-0.006595991919554844, -0.7254120569538427, 0.6882832560193459, 0.017375583692277607], [-0.7621800704648317, 0.44921384483355364, 0.4661421047235277, 0.06714870404233222], [0.0, 0.0, 0.0, 1.0]]], [[[-0.054476894557100475, -0.6909102023886033, 0.7208851227447782, 0.003091379838226882], [-0.998510371996232, 0.035488904088340156, -0.04144363283491165, 0.5064882402389643], [0.0030504057698869103, -0.7220689924944486, -0.691814328489004, -0.060936184205575464], [0.0, 0.0, 0.0, 1.0]], [[-0.6824250729774157, 0.5204622025114654, -0.513239822625527, 0.3764990713841739], [0.03508316360536168, -0.6780181945843057, -0.7342073953891212, 0.016561499342498287], [-0.7301131360297577, -0.5190476120449378, 0.44443715531809447, 0.12755141440341428], [0.0, 0.0, 0.0, 1.0]]], [[[-0.03611549644578361, -0.9965677551323592, -0.07448745093587986, 0.14067916893485943], [-0.9989185115044544, 0.03818361471393105, -0.02652958614647847, 0.5664887732677953], [0.029282730238145076, 0.07344876444044893, -0.9968689987716401, -0.060098125779635955], [0.0, 0.0, 0.0, 1.0]], [[-0.6656576121433021, -0.03959213593519416, -0.745206284305068, 0.3630872418655754], [0.010153142587813335, -0.9989796914865925, 0.04400556434070075, 0.1725790157469556], [-0.7461882182742288, 0.021726453218165402, 0.6653804206161243, 0.048761560426611526], [0.0, 0.0, 0.0, 1.0]]], [[[-0.03826431227549668, -0.9970577590588037, -0.06642038472276518, 0.14165793848614358], [-0.926873788642762, 0.010574769968521545, 0.3752241385720347, 0.5661310710413413], [-0.3734177584597389, 0.07592100724272371, -0.9245513389348127, -0.060246270576778824], [0.0, 0.0, 0.0, 1.0]], [[-0.9017314552814689, -0.03388080714930842, -0.4309669052988589, 0.3473364929041862], [0.014987583292944813, -0.9987748892619973, 0.047160289722627244, 0.17263893952759132], [-0.4320367517966513, 0.03606676429341106, 0.9011345258119912, 0.07021285991521141], [0.0, 0.0, 0.0, 1.0]]], [[[-0.03131341038225733, -0.9963162830027295, -0.07983316700380039, 0.13985293854207959], [-0.9242367671070555, 0.05927171985290302, -0.37719127979471745, 0.5667848032987314], [0.3805336629757348, 0.06197360284268921, -0.9226881401063771, -0.05996498124871509], [0.0, 0.0, 0.0, 1.0]], [[-0.3715635774586947, -0.0318872674533443, -0.927859746987903, 0.3844279869271573], [0.013509608488782864, -0.9994898825955614, 0.028938988710572794, 0.17305306153493416], [-0.9283092148549298, -0.0017823477409704865, 0.37180482091004946, 0.038024200047753226], [0.0, 0.0, 0.0, 1.0]]], [[[-0.041764950839894066, -0.687909585704095, -0.7245937418842103, 0.14079309296149242], [-0.9991258552509127, 0.027454208451602735, 0.03152446363426603, 0.5671687846777369], [-0.001792833085775769, 0.7252769597434598, -0.6884548768182344, -0.05959482765555195], [0.0, 0.0, 0.0, 1.0]], [[-0.6768683837634881, -0.5240899175840876, -0.5168935570773808, 0.39551063814763227], [0.011732563529726125, -0.709793663728169, 0.7043119350716441, 0.157349985049956], [-0.7360105556406268, 0.4706619946607621, 0.4865858082265948, 0.023481168482895665], [0.0, 0.0, 0.0, 1.0]]], [[[-0.011889960232215974, -0.5698374123162134, 0.8216714382102123, 0.1410571916023701], [-0.9994898444615775, 0.03113271031196954, 0.007127774323236524, 0.565406017091648], [-0.029642531333345268, -0.8211675090219981, -0.5699168732918506, -0.06105273048504627], [0.0, 0.0, 0.0, 1.0]], [[-0.7109896030077978, 0.5840936948193297, -0.39157162829694125, 0.323487128076281], [-0.013402652763522038, -0.5679951129342324, -0.8229227913855157, 0.1443421284719379], [-0.7030747850077648, -0.5798414501871458, 0.4116670248285053, 0.08787329051094274], [0.0, 0.0, 0.0, 1.0]]], [[[-0.5926807620727431, -0.8053906017970772, 0.008688659609805593, 0.14080552753283712], [-0.8052485470337444, 0.5927408998517485, 0.01526444047396619, 0.5663837665360686], [-0.017443960815044998, 0.002050409686257567, -0.9998457401275472, -0.06013563731085096], [0.0, 0.0, 0.0, 1.0]], [[-0.5936125740359616, -0.36825853225473804, -0.7155485765257211, 0.3866486436732393], [0.5700724418039728, -0.8200159711259019, -0.05090400960729838, 0.19821423602229826], [-0.5680154250036312, -0.43813178442111445, 0.6967058320682512, 0.08768169919493388], [0.0, 0.0, 0.0, 1.0]]], [[[0.5904135395946819, -0.8069907876823487, -0.013331198712099084, 0.14086913839838577], [-0.8066986805581643, -0.5905602007659532, 0.021814858628796653, 0.566377711509475], [-0.025477265335899738, -0.0021255274874763946, -0.9996731421239169, -0.06008400026518902], [0.0, 0.0, 0.0, 1.0]], [[-0.5520826841546155, 0.42482297215760806, -0.7174469682030938, 0.3470797820053276], [-0.6037185104175938, -0.7971626830818019, -0.007457672625161144, 0.12000638080085005], [-0.5750901407916819, 0.42901876302674535, 0.6965732057258626, 0.036671327037826315], [0.0, 0.0, 0.0, 1.0]]], [[[-0.06910400916789647, -0.9975986358643576, 0.004647325951215392, 0.16695215433978486], [-0.997402259782493, 0.0691838470547941, 0.020058102788545713, 0.4013932023664068], [-0.020331455867702925, -0.0032491580866977864, -0.9997880149681873, -0.060704050657466604], [0.0, 0.0, 0.0, 1.0]], [[-0.6945838941329506, -0.01034432410198819, -0.7193373401749553, 0.47063974636816786], [0.04273434369502267, -0.9987242210596499, -0.02690178688770893, 0.20332516249045282], [-0.7181413439428633, -0.04942595702329959, 0.6941398165299763, 0.17640235105536622], [0.0, 0.0, 0.0, 1.0]]], [[[-0.06544057489966218, -0.9978509903581679, -0.0033063874584731145, 0.16598002818390512], [-0.9129200433136738, 0.06120775106230966, -0.4035227449922181, 0.40189419421410755], [0.40285794726300495, -0.023388293035579405, -0.9149636397562039, -0.06054856358516285], [0.0, 0.0, 0.0, 1.0]], [[-0.3243981634281017, 0.029364515769605068, -0.9454647305839023, 0.49161918788463776], [0.04761756281065477, -0.9977438510433253, -0.04732626561654288, 0.20318805663192746], [-0.9447213341914364, -0.06037327984175479, 0.3222680061760729, 0.16181438799045894], [0.0, 0.0, 0.0, 1.0]]], [[[0.5150672221269694, -0.8569930970413782, 0.016388664186999594, 0.16686080092817498], [-0.8569041915685984, -0.5152831832026478, -0.014087142389903938, 0.40141046276737347], [0.02051738683590304, -0.006787689737575228, -0.9997664547810415, -0.060691567962575674], [0.0, 0.0, 0.0, 1.0]], [[-0.5470564073038441, 0.3786249981897753, -0.7465737726263917, 0.4567603943108598], [-0.5296230830037351, -0.8472133745540127, -0.04157989810498228, 0.15579847591284002], [-0.6482504741050554, 0.37265615347474756, 0.6640020437468367, 0.15644401375118097], [0.0, 0.0, 0.0, 1.0]]], [[[-0.36872324641829385, -0.9295320056555764, -0.003663060561329992, 0.16687672301312448], [-0.92927367462801, 0.3687092368459874, -0.02244852573789588, 0.401449242974963], [0.0222172274172458, -0.0048733075391695305, -0.9997412893741656, -0.0606535596920081], [0.0, 0.0, 0.0, 1.0]], [[-0.625396977219262, -0.21746019222082125, -0.7493928780581607, 0.48958628218584116], [0.3452821829603899, -0.9383649835888994, -0.015854706061997126, 0.22022420944612042], [-0.6997562682928375, -0.26866749407676394, 0.6619357541418913, 0.191566371711758], [0.0, 0.0, 0.0, 1.0]]], [[[-0.020145289475022476, -0.7001146346674012, 0.7137462193500563, 0.16682877591027745], [-0.9993878836768177, -0.00632114296701225, -0.03440786409473806, 0.40066139254837385], [0.02860114109504941, -0.7140024800209883, -0.699558741816539, -0.061194186789959484], [0.0, 0.0, 0.0, 1.0]], [[-0.6660584198488024, 0.5430230499500395, -0.5113630301180105, 0.4364005622313199], [-0.0055891263598602525, -0.689179675185805, -0.7245689318327977, 0.17991237396861318], [-0.7458786382616476, -0.47974716521699734, 0.46206894988865593, 0.19884999589320737], [0.0, 0.0, 0.0, 1.0]]], [[[0.013119569913197682, -0.8013508432771825, -0.5980507527494978, 0.16667098165143263], [-0.9999023367055055, -0.007633448132540355, -0.011706729708918395, 0.40228511083214635], [0.004816008322519771, 0.5981459324015805, -0.8013727282702356, -0.060271084169215325], [0.0, 0.0, 0.0, 1.0]], [[-0.6653229648611432, -0.40426148880719187, -0.6276288721017946, 0.4985391244256794], [-0.05448219419835332, -0.8121655939683161, 0.580877558948033, 0.18897061016509656], [-0.7445650024972374, 0.4206657778349521, 0.5183273679971023, 0.14774918078911253], [0.0, 0.0, 0.0, 1.0]]], [[[-0.060516778716361276, -0.9969475263606629, -0.04932898921679127, -0.06004544198952544], [-0.9981498015655461, 0.06073340137995555, -0.0029030314297456734, 0.4101656280446876], [0.0058900873046030915, 0.04906203868752862, -0.9987783654201605, -0.060765445662680204], [0.0, 0.0, 0.0, 1.0]], [[-0.6718595923841904, -0.06277390701464716, -0.7380136345078354, 0.47833640090544916], [0.04658058605172378, -0.9980107210557729, 0.04248352222700752, -0.026195011027421757], [-0.73921237619809, -0.00583414568305568, 0.6734471216210833, 0.16854323855985312], [0.0, 0.0, 0.0, 1.0]]], [[[-0.06095863133829868, -0.9970563110232863, -0.04650546112014572, -0.05972243332063343], [-0.9907736434088855, 0.05479282152678802, 0.12395698542404313, 0.41014390224084607], [-0.12104392918128656, 0.05363263332868812, -0.9911972093638011, -0.06084894822603819], [0.0, 0.0, 0.0, 1.0]], [[-0.7578676398099422, -0.06328204260288371, -0.6493319825889635, 0.47347486899478786], [0.0474550116429623, -0.9979952575582975, 0.04187466729555339, -0.026603762232844427], [-0.6506801536844916, 0.0009213984772005641, 0.7593513604557329, 0.17481107177664937], [0.0, 0.0, 0.0, 1.0]]], [[[-0.05725495636770017, -0.9967273840357855, -0.05706480425369509, -0.06101921094540899], [-0.9228931779596155, 0.07464085000337628, -0.3777524660228906, 0.4103755462531268], [0.38077559276683476, 0.031036517587404333, -0.9241464616223516, -0.06049278483587785], [0.0, 0.0, 0.0, 1.0]], [[-0.33918893316295773, -0.05905216227938552, -0.9388629877409714, 0.4993981022651383], [0.04891235316275143, -0.9977849037778822, 0.0450873319353047, -0.02580616391739493], [-0.9394458203259285, -0.030628874009522206, 0.34132597725495795, 0.1564549671398973], [0.0, 0.0, 0.0, 1.0]]], [[[0.8038012427773459, -0.5943850101232284, -0.024698620414990345, -0.06012642304271454], [-0.5948801649388258, -0.8027632248424758, -0.04109494132937003, 0.4102127016724454], [0.004599072944573228, 0.04772488429864065, -0.9988499306436038, -0.06069829906489253], [0.0, 0.0, 0.0, 1.0]], [[-0.3651596611046982, 0.5223776733579412, -0.7705712090904031, 0.4677734993632923], [-0.8174709207089709, -0.5759617147883771, -0.0030654352479083657, -0.1094292061841596], [-0.4454208298868936, 0.6288001824706922, 0.6373465421791312, 0.15244043127263024], [0.0, 0.0, 0.0, 1.0]]], [[[-0.5789557874014296, -0.8141602765100068, -0.044195479265880855, -0.06000308839225335], [-0.8153226384166065, 0.5785903850510218, 0.021958178701663063, 0.41016553259555266], [0.007693602522558327, 0.04874638940126703, -0.9987815566982432, -0.06078008336887876], [0.0, 0.0, 0.0, 1.0]], [[-0.5553864865580668, -0.4076375015032961, -0.72482930260637, 0.5070587365224505], [0.5621637262298026, -0.8263279182187712, 0.03397228993835441, -0.0019736055840804123], [-0.6127950680775017, -0.3886049908845516, 0.6880903760404644, 0.2004030009910496], [0.0, 0.0, 0.0, 1.0]]], [[[-0.05548015843481903, -0.9154334277290223, 0.3986271333167634, -0.060279142339482394], [-0.9983832235656428, 0.05580704227852527, -0.010794115748812061, 0.40978396215472845], [-0.01236490690313713, -0.3985815016134293, -0.9170495600832382, -0.06091882914680531], [0.0, 0.0, 0.0, 1.0]], [[-0.6821584783959954, 0.2738064467780218, -0.6780043068117304, 0.45830512557471137], [0.04259544013201322, -0.9107882173638581, -0.41067073378940233, -0.03253017695163941], [-0.7299626283806732, -0.3090224147435917, 0.6096389983864376, 0.18849989808722625], [0.0, 0.0, 0.0, 1.0]]], [[[-0.047755778671378216, -0.8355972426085118, -0.5472628561747473, -0.05970591143467616], [-0.9985162109810372, 0.05428995270688457, 0.004239981504305934, 0.41062597215904684], [0.026167957726252467, 0.5466533171765594, -0.8369500515612032, -0.0606626175655252], [0.0, 0.0, 0.0, 1.0]], [[-0.6521414418692221, -0.4293615923730387, -0.6247880943100791, 0.5001225869387651], [0.03061137135551542, -0.8383948621268031, 0.5442030862675378, -0.0359163471473094], [-0.7574790318817192, 0.33577176497476213, 0.559895381393048, 0.14651960289628999], [0.0, 0.0, 0.0, 1.0]]], [[[-0.02984705722208417, -0.9994866766090333, -0.01164201254987434, -0.06106877074617639], [-0.9992167564784373, 0.02953220483498117, 0.02633861139650925, 0.6456551147381409], [-0.025981276871879525, 0.012419024060468544, -0.9995852845522951, -0.05996242167698325], [0.0, 0.0, 0.0, 1.0]], [[-0.7042729636329874, -0.008489918569162, -0.7098785205782029, 0.3123423674249464], [0.013422583578266227, -0.9999089908983165, -0.0013580025018818257, -0.031026200698577006], [-0.7098023858410828, -0.010484808219498234, 0.7043228250247942, -0.0032220431982972766], [0.0, 0.0, 0.0, 1.0]]], [[[-0.03242021069844363, -0.9994695986530537, -0.003074297736361392, -0.060091701443056866], [-0.8970819222883799, 0.027742557413987748, 0.44099248883798053, 0.6427779508917342], [-0.4406732969464491, 0.017054966327580412, -0.897505528385152, -0.060201558358486826], [0.0, 0.0, 0.0, 1.0]], [[-0.9329701348975827, -0.016997095379370226, -0.35955225786782474, 0.29992594971704295], [0.01217785477720072, -0.9998031436540401, 0.015664411655855127, -0.03122465687936459], [-0.3597477272231355, 0.01023585307452543, 0.9329934619651014, 0.021695121777657214], [0.0, 0.0, 0.0, 1.0]]], [[[-0.024291079771462755, -0.9995625068830656, -0.016874189674718182, -0.062063596531239884], [-0.9432600622453404, 0.028507747026382556, -0.330828903411411, 0.6429771677830001], [0.33116521317380765, 0.007880557919442283, -0.9435398764177515, -0.05974779029682793], [0.0, 0.0, 0.0, 1.0]], [[-0.3985522768748595, 0.0037410587001441434, -0.917137986934173, 0.33328796123481663], [0.015621878241735453, -0.9998189164819052, -0.010866975897154886, -0.03108869965929458], [-0.917012562355645, -0.01865847594931131, 0.3984216632629095, -0.01405169904591413], [0.0, 0.0, 0.0, 1.0]]], [[[0.47733888478976966, -0.8786444625711006, -0.011467234226291723, -0.06118702983077878], [-0.87870656692248, -0.47736154981237194, -0.0008485328748359328, 0.6428828016915717], [-0.004728457990539963, 0.010481371755262401, -0.999933889080253, -0.059962602140958735], [0.0, 0.0, 0.0, 1.0]], [[-0.5978796981215705, 0.3284409534614118, -0.731208866647156, 0.30417883183544087], [-0.4907430379289749, -0.8712479054554771, 0.009917558352971173, -0.07317282710392953], [-0.633806861195349, 0.3647651673732055, 0.6820815459847137, -0.018984823279784662], [0.0, 0.0, 0.0, 1.0]]], [[[-0.6255964921493804, -0.7800577095588817, -0.011789773879973405, -0.061140521094972144], [-0.7801260228127542, 0.6256186839139082, 0.002156587161083757, 0.6428880876376254], [0.005693640377092446, 0.010546662769833738, -0.99992817260225, -0.05993548707643025], [0.0, 0.0, 0.0, 1.0]], [[-0.5460856400221046, -0.41441184194625086, -0.7280475939225158, 0.35002174173092954], [0.6109600055640879, -0.7916243884748231, -0.007661538552576147, -0.004399626258372629], [-0.5731651990157623, -0.4489918182178586, 0.6854837720986857, 0.03402520582210886], [0.0, 0.0, 0.0, 1.0]]], [[[-0.008494574257628063, -0.7121365660111683, 0.7019895679837436, -0.06119286889216918], [-0.999946488025018, 0.0019042028654941423, -0.010168338009727163, 0.6422295451847669], [0.005904514765386226, -0.702038378837844, -0.7121146335697066, -0.060678952695883956], [0.0, 0.0, 0.0, 1.0]], [[-0.6827841578603238, 0.5217209564370249, -0.5114812189996862, 0.2856903523952288], [-0.004701410613518753, -0.7031873738116079, -0.710989039331956, -0.05161206961559375], [-0.7306050167588585, -0.4830473692365694, 0.4825780232878591, 0.025689450920418414], [0.0, 0.0, 0.0, 1.0]]], [[[-0.008296345731882954, -0.6653838457142012, -0.7464552957211017, -0.06062356766374927], [-0.9999415329121362, 0.0003429014119338547, 0.010808014431381352, 0.6435943647878134], [-0.006935517632038868, 0.7465013196781383, -0.6653477874870959, -0.05943393259219164], [0.0, 0.0, 0.0, 1.0]], [[-0.681412920756174, -0.5337538375834752, -0.500782659735192, 0.3477231236537544], [-0.015493739495026748, -0.6735504705847524, 0.7389788275800049, -0.05179225059524463], [-0.7317351812390874, 0.511308717351828, 0.4506961505238626, -0.03378420910915049], [0.0, 0.0, 0.0, 1.0]]], [[[-0.005694374783102559, -0.9982839656948906, -0.05828119707342751, 0.03520388546320374], [-0.999981559425858, 0.005561666509579647, 0.002438990337272493, 0.5619349328028862], [-0.0021106643642824184, 0.058294010859764586, -0.9982972269789306, -0.0036834314504738813], [0.0, 0.0, 0.0, 1.0]], [[-0.6756673478820645, -0.023604293542909792, -0.7368286587344152, 0.32938449678996623], [-0.009433633400198092, -0.9991286012981544, 0.04065765154142855, 0.06456041589973871], [-0.7371462823394607, 0.0344220190333703, 0.6748558979802861, 0.09307986714909239], [0.0, 0.0, 0.0, 1.0]]], [[[-0.007882379781756536, -0.9985781246397234, -0.05272188426060943, 0.03591689264179926], [-0.959394780944516, -0.0073141761419293, 0.2819719083947704, 0.5618179471810841], [-0.28195659663395023, 0.05280371027094377, -0.9579729880305717, -0.003746872800107437], [0.0, 0.0, 0.0, 1.0]], [[-0.8523038682726439, -0.013598823989009886, -0.5228701445995966, 0.31613462732873293], [-0.01193882450534972, -0.9988957175471367, 0.045440179746792486, 0.06457626394608207], [-0.5229106812801948, 0.04497129586865692, 0.8512003300933196, 0.10736352693260104], [0.0, 0.0, 0.0, 1.0]]], [[[0.006424891707583938, -0.9978270375397073, -0.0655738051456341, 0.0334619868198171], [-0.7483038757610688, 0.03870101633469754, -0.66222620067136, 0.5622962922586965], [0.6633249809011483, 0.05332386416411744, -0.7464291896912246, -0.003470429341321496], [0.0, 0.0, 0.0, 1.0]], [[-0.004221861658502468, -0.025931037753249384, -0.9996548190076294, 0.37304763276071695], [-0.004164373074288108, -0.9996546039183081, 0.025948619651711267, 0.06499479919098389], [-0.9999824167859327, 0.004272487094256346, 0.0041124169286200305, 0.07656691273518543], [0.0, 0.0, 0.0, 1.0]]], [[[0.6665560988952687, -0.7447517197990933, -0.03237040132302399, 0.03504267133355227], [-0.7453476369903814, -0.6650950517876802, -0.04588542383369505, 0.5619729083998567], [0.012643854569530068, 0.054712411241290004, -0.9984220976109197, -0.00358146531092024], [0.0, 0.0, 0.0, 1.0]], [[-0.4778512844076114, 0.42492988036738105, -0.7688255632853006, 0.3162696707973113], [-0.6762051310047099, -0.7365956978273491, 0.013168095729613305, 0.004691479713373695], [-0.5607180849525898, 0.5261761821987047, 0.6393229657175598, 0.07544099009142623], [0.0, 0.0, 0.0, 1.0]]], [[[-0.6428413729860223, -0.7636833318864917, -0.05952090201091115, 0.03528706897810291], [-0.7656348315817361, 0.6429896036270537, 0.019174834975330648, 0.5619848297259824], [0.023627819329186322, 0.05789765302903892, -0.9980428788020466, -0.003603832373609686], [0.0, 0.0, 0.0, 1.0]], [[-0.5270459323283994, -0.44540976626814877, -0.7237628930313029, 0.36292194039801123], [0.6231543314999116, -0.78162452109098, 0.027235769902731438, 0.09392116619557224], [-0.577841902555523, -0.4366614800302968, 0.6895110495914942, 0.13092945347577267], [0.0, 0.0, 0.0, 1.0]]], [[[-0.014298168099962982, -0.6941128844508238, 0.7197241596808759, 0.03531084861779471], [-0.999468408287904, -0.01117060580109841, -0.03062871855759386, 0.5612205011747926], [0.029299543058365796, -0.7197794948492171, -0.693584180594668, -0.0044490281699129525], [0.0, 0.0, 0.0, 1.0]], [[-0.6629691586114739, 0.5509534507817015, -0.5068749252051524, 0.2956303807523064], [3.1656705226534854e-05, -0.6770342718533342, -0.7359514887096011, 0.04509414648419719], [-0.7486467082194689, -0.4879291852387601, 0.44883540019075235, 0.12286289618143711], [0.0, 0.0, 0.0, 1.0]]], [[[0.01716956026124125, -0.7709485641976306, -0.6366659387481376, 0.03531726821969566], [-0.9998524685289161, -0.013555549706626785, -0.010549324565298168, 0.5625274374679576], [-0.000497370152345189, 0.6367531377494444, -0.7710675678493866, -0.003177378654997162], [0.0, 0.0, 0.0, 1.0]], [[-0.6714029115469229, -0.44397765750005336, -0.5933818079509015, 0.3544326691861283], [-0.038345087121615745, -0.7788009096857008, 0.6260980732811442, 0.050197192689039036], [-0.7400998477637668, 0.44311734643713796, 0.5058648363214809, 0.06801930177354622], [0.0, 0.0, 0.0, 1.0]]]]